
11011000
00000000
00000000
00000000
11011100
00000000
00000000
00000000
11100000
00000000
00000000
00000000
11101100
10010000
00000000
00001011
11101100
00000010
00000000
00000000
11101100
00000000
00000000
00000000
11101100
00000101
00000000
00000001
11101100
00000000
00000000
00000001
11101100
00000000
00000000
00001000
11110100
00000000
00000000
00000000
11100100
00000000
00000000
00000000
11010000
00000000
00000000
00000001
00000000
00000000
00000000
00000000
00000000
00000000
00000000
00000000
00000000
00000000
00000000
00000000
00000000
00000000
00000000
00000000
00000000
00000000
00000000
00000000
00000000
00000000
00000000
00000000
00000000
00000000
00000000
00000000
00000000
00000000
00000000
00000000
00000000
00000000
00000000
00000000
00000000
00000000
00000000
00000000
00000000
00000000
00000000
00000000
00000000
00000000
00000000
00000000
00000000
00000000
00000000
00000000
00000000
00000000
00000000
00000000
00000000
00000000
00000000
00000000
00000000
00000000
00000000
00000000
00000000
00000000
00000000
00000000
00000000
00000000
00000000
00000000
00000000
00000000
00000000
00000000
00000000
00000000
00000000
00000000
00000000
00000000
00000000
00000000
00000000
00000000
00000000
00000000
00000000
00000000
00000000
00000000
00000000
00000000
00000000
00000000
00000000
00000000
00000000
00000000
00000000
00000000
00000000
00000000
11001000
00000000
00000000
00001110
10011100
10100000
00000000
00000000
10101000
00000000
00000000
00000000
10111000
00000000
00000000
00000000
11111111
11111111
11111111
11111111
