
00001000
00000000
00000000
00001011
00000000
00000000
01000000
00100000
00000000
00000000
00010000
00100000
00000000
01000100
00010000
00100000
00100001
00001000
00000000
00000001
00010101
00000101
11111111
11111101
00000011
11100000
00000000
00001000
00100000
00000100
00000000
00000001
00000000
01000000
00101000
00100000
11111000
10000101
00000000
00000000
00000011
11100000
00000000
00001000
00100000
00010000
00000000
00000111
00100000
00010001
00000000
00000001
00100000
00000100
00000000
00000001
00100000
00000101
00000000
00000001
00001100
00000000
00000000
00000001
00001100
00000000
00000000
00000111
10101110
00000010
00000000
00000000
00000000
00000010
00100000
00100000
00100010
00110001
00000000
00000001
00000010
00100000
00101000
00100000
00100010
00010000
11111111
11111111
00010110
00000000
11111111
11111000
11111111
11111111
11111111
11111111
