
11011000
00000000
00000000
00000000
11011100
00000000
00000000
00000000
11100000
00000000
00000000
00000000
11101100
10010000
00000000
00001011
11101100
10010001
00000000
00001011
11101100
00000010
00000000
00000000
11101100
00000000
00000000
00000000
11101100
00001001
00000000
00000010
11101100
00000000
00000000
00000010
11101100
00000011
00000000
00000011
11101100
00000000
00000000
00000011
11101100
00000001
00000000
00001000
11100100
00000000
00000000
00000000
11010000
00000000
00000000
00000001
00001000
00000000
00000000
00011001
00000000
00000000
01000000
00100000
00000000
00000000
00010000
00100000
00000000
01000100
00010000
00100000
00100001
00001000
00000000
00000001
00010101
00000101
11111111
11111101
00000011
11100000
00000000
00001000
00100000
00000100
00000000
00000001
00000000
01000000
00101000
00100000
11111000
10000101
00000000
00000000
00000011
11100000
00000000
00001000
00100000
00010000
00000000
00000100
00100000
00010001
00000000
00000001
00100000
00000100
00000000
00000001
00100000
00000101
00000000
00000001
00001100
00000000
00000000
00001111
00001100
00000000
00000000
00010101
10101110
00000010
00000000
00000000
00000000
00000010
00100000
00100000
00100010
00110001
00000000
00000001
00000010
00100000
00101000
00100000
00100010
00010000
11111111
11111111
00010110
00000000
11111111
11111000
11001000
00000000
00000000
00001110
10011100
10000000
00000000
00000000
10101000
00000000
00000000
00000000
10111000
00000000
00000000
00000000
11111111
11111111
11111111
11111111
