
00100000
00010000
00000000
00000010
00100000
00010001
00000000
00000011
00100010
00000100
00000000
00000000
00100010
00100101
00000000
00000000
00001100
00000000
00000000
00001100
00100000
01010001
00000000
00000000
00001100
00000000
00000000
00001000
00001000
00000000
00000000
00011011
00100000
00000100
00000000
00000001
00000010
00100000
00101000
00100000
11111000
10000101
00000000
00000000
00000011
11100000
00000000
00001000
00100011
10111101
11111111
11111100
10101111
10110000
00000000
00000000
00100011
10111101
11111111
11111100
10101111
10110001
00000000
00000000
00100000
10001000
00000000
00000000
00100000
00000010
00000000
00000000
00010001
00000000
00000000
00000011
00000000
01000101
00010000
00100000
00100001
00001000
11111111
11111111
00001000
00000000
00000000
00010010
10001111
10110001
00000000
00000000
00100011
10111101
00000000
00000100
10001111
10110000
00000000
00000000
00100011
10111101
00000000
00000100
00000011
11100000
00000000
00001000
11111111
11111111
11111111
11111111
